-8.312561238233787675e-01    3.005000375897689535e-01    -1.000000000000000000e+00
8.558757427169911836e-01    3.152883206649254588e-01    -1.000000000000000000e+00
1.910346694104992693e+00    1.986821953518217720e-01    1.000000000000000000e+00
4.059962593327808289e-01    -1.431957377839597756e-01    1.000000000000000000e+00
1.149140193053744957e-01    -3.942114726000771341e-02    1.000000000000000000e+00
2.020207968108983287e+00    1.676983475637062460e-01    1.000000000000000000e+00
7.091407238405613711e-01    8.754140956268092744e-01    -1.000000000000000000e+00
1.898226709822532055e+00    2.238755872575298178e-01    1.000000000000000000e+00
1.730886370987364531e+00    -2.804428615422365212e-01    1.000000000000000000e+00
1.694158869239521970e+00    -1.656401249451047719e-02    1.000000000000000000e+00
-8.120048566110287247e-01    5.799799556150885271e-01    -1.000000000000000000e+00
1.083013851248945558e+00    -4.641650893933387256e-01    1.000000000000000000e+00
8.846160821297740506e-01    5.101435886060924352e-01    -1.000000000000000000e+00
1.968867347429871684e+00    3.037632335043408682e-01    1.000000000000000000e+00
-6.864184628757916129e-03    1.669140828519863617e-01    1.000000000000000000e+00
2.805488664075838634e-01    -2.991596963825495226e-01    1.000000000000000000e+00
-7.795665072855613165e-01    4.585949239581053050e-01    -1.000000000000000000e+00
7.538475723113337024e-01    7.426679896763608291e-01    -1.000000000000000000e+00
8.899736565148983480e-01    -6.147799069565776930e-01    1.000000000000000000e+00
1.845192497232987838e+00    -2.800437205166990129e-01    1.000000000000000000e+00
1.798359888525473238e+00    -2.005115832465352854e-01    1.000000000000000000e+00
1.894565423491058054e-01    1.041654187607283122e+00    -1.000000000000000000e+00
-1.078089870146387907e+00    6.223474578727163919e-01    -1.000000000000000000e+00
1.143237006526791388e+00    1.511374577919526174e-01    -1.000000000000000000e+00
2.241820819379966856e-01    1.065732878730768940e+00    -1.000000000000000000e+00
-9.286754619998118798e-01    1.455570409018913935e-01    -1.000000000000000000e+00
-1.010728574875962238e+00    -3.231595261740707881e-02    -1.000000000000000000e+00
1.704545057194990054e+00    -2.321664216468916075e-01    1.000000000000000000e+00
1.300911354226668148e+00    -4.505631475371764672e-01    1.000000000000000000e+00
-8.502109055185129716e-01    6.102618213857140539e-01    -1.000000000000000000e+00
7.591562905783330040e-01    7.097022163014269358e-01    -1.000000000000000000e+00
-9.814699565292895889e-01    2.834405308971523763e-01    -1.000000000000000000e+00
1.438053099317611716e+00    -3.833288751367942004e-01    1.000000000000000000e+00
1.093588425312161494e+00    3.686252553969892598e-01    -1.000000000000000000e+00
2.896640639272127782e-01    8.934952919327938670e-01    -1.000000000000000000e+00
-9.233967399217106742e-01    3.909418913774148630e-01    -1.000000000000000000e+00
2.147517296735752812e-01    8.953238651790021985e-01    -1.000000000000000000e+00
7.743899950428219103e-01    -4.474013939764771020e-01    1.000000000000000000e+00
-5.816057361473025988e-01    5.909726458239105140e-01    -1.000000000000000000e+00
-1.050093564315808664e-01    9.667977167595073196e-01    -1.000000000000000000e+00
-6.263917486984402760e-01    8.391916792563479666e-01    -1.000000000000000000e+00
1.339924881696382464e+00    -3.172619132081572757e-01    1.000000000000000000e+00
1.864113394149338188e+00    -1.019209670369336518e-02    1.000000000000000000e+00
1.434054181951703422e+00    -3.997191701862037316e-01    1.000000000000000000e+00
8.715446584446649991e-01    -4.724417084588445337e-01    1.000000000000000000e+00
-2.098315452141487070e-01    8.989407102477686706e-01    -1.000000000000000000e+00
7.315952096008806471e-01    7.128886283994857465e-01    -1.000000000000000000e+00
1.350342101544296014e+00    -3.938862781768593946e-01    1.000000000000000000e+00
6.813685784744530904e-01    -5.384052083313322079e-01    1.000000000000000000e+00
3.670490968469591886e-01    -4.421203394335413428e-01    1.000000000000000000e+00
3.318675611607360687e-01    9.907618916027212119e-01    -1.000000000000000000e+00
-2.518199208483345997e-01    9.912752510586452237e-01    -1.000000000000000000e+00
-7.242944046571084815e-01    6.073502686158305242e-01    -1.000000000000000000e+00
5.705777071825385294e-01    6.847158769710763870e-01    -1.000000000000000000e+00
1.936919330496609915e+00    3.285720960123418299e-01    1.000000000000000000e+00
8.401119525157034751e-01    -4.004050890425430165e-01    1.000000000000000000e+00
9.421484214984203742e-01    -4.491598592335297457e-01    1.000000000000000000e+00
8.698511250026681463e-01    8.578400045763443504e-01    -1.000000000000000000e+00
1.845875348673990279e+00    3.471152493047875986e-01    1.000000000000000000e+00
8.394548966935055923e-02    2.227131960789296428e-01    1.000000000000000000e+00
4.166099063632522359e-01    7.862166368843891417e-01    -1.000000000000000000e+00
1.717878905546509571e+00    -8.516082757345541654e-02    1.000000000000000000e+00
-1.190951089968535159e+00    2.620511030385249684e-01    -1.000000000000000000e+00
1.212389125658200756e-01    8.220652216631129106e-01    -1.000000000000000000e+00
-7.952745623341685999e-01    4.528825178367316684e-01    -1.000000000000000000e+00
1.413249827540708381e+00    -3.960198144601336234e-01    1.000000000000000000e+00
1.360590387043810745e+00    -3.750004686640518448e-01    1.000000000000000000e+00
-8.302715543277807697e-01    3.949945300867483966e-01    -1.000000000000000000e+00
1.016452495806490219e+00    6.896420985838972451e-01    -1.000000000000000000e+00
-3.620099779253951877e-02    9.447546547963699970e-01    -1.000000000000000000e+00
-4.822200283642413821e-01    8.630674300761971285e-01    -1.000000000000000000e+00
9.453099995827188851e-01    4.838388746209806301e-01    -1.000000000000000000e+00
6.083149603723267407e-02    -5.684059177810518726e-02    1.000000000000000000e+00
8.162073852181841449e-01    7.340868618194860140e-01    -1.000000000000000000e+00
1.334115243174851084e+00    -4.141188293432671030e-01    1.000000000000000000e+00
1.200731986346006419e-01    1.193622147242378695e+00    -1.000000000000000000e+00
3.744302135013124477e-01    9.243974778498614819e-01    -1.000000000000000000e+00
1.122792945509241136e+00    -3.411206249070992680e-01    1.000000000000000000e+00
-1.070773768174527962e+00    3.071298503457721152e-01    -1.000000000000000000e+00
7.492674894862978441e-01    -5.575584542350735529e-01    1.000000000000000000e+00
1.806457303806970893e+00    -1.557908664809057875e-01    1.000000000000000000e+00
-4.220573270104131525e-01    1.063288613611655942e+00    -1.000000000000000000e+00
1.948353507865412948e-01    -2.897078214721094946e-01    1.000000000000000000e+00
9.356483690623694782e-01    7.948178903922044347e-02    -1.000000000000000000e+00
-8.490152778163504443e-01    8.089836716919940329e-01    -1.000000000000000000e+00
1.921158273422126195e+00    2.753987384412176498e-01    1.000000000000000000e+00
-7.697078577135390010e-01    4.915264189579839904e-01    -1.000000000000000000e+00
-3.437109767715785247e-01    8.499721751647624224e-01    -1.000000000000000000e+00
1.797618970560952656e+00    -7.398654200650622847e-02    1.000000000000000000e+00
9.143170412521917090e-01    -6.323943862829782825e-01    1.000000000000000000e+00
1.677616830929379077e+00    3.796208979906498526e-02    1.000000000000000000e+00
3.729480902749700566e-01    -2.602926086449339760e-01    1.000000000000000000e+00
8.717902350665074351e-02    6.353741476268813526e-02    1.000000000000000000e+00
1.857339687074648360e+00    2.435531488666991817e-01    1.000000000000000000e+00
8.183515760758511837e-01    9.257660302673912378e-01    -1.000000000000000000e+00
1.944927487685968459e-01    7.490897353646425172e-01    -1.000000000000000000e+00
9.941077485702460859e-01    1.755697628908010066e-01    -1.000000000000000000e+00
-1.074053832716460155e+00    3.390786047778608647e-02    -1.000000000000000000e+00
1.892816594680708508e+00    -2.571032846285224438e-01    1.000000000000000000e+00
-1.020175946812204248e+00    7.546250969159620792e-02    -1.000000000000000000e+00
1.291232735658430331e+00    -3.545474600786679420e-01    1.000000000000000000e+00
5.323323172268271120e-02    4.976695090661891197e-01    1.000000000000000000e+00
1.534430682471010110e+00    -4.814704901716689855e-01    1.000000000000000000e+00
1.188903362882304027e+00    -2.999336084797565305e-01    1.000000000000000000e+00
-9.014413519344433023e-01    3.447347088246503488e-01    -1.000000000000000000e+00
3.634894257026005659e-01    -1.748751557442625726e-01    1.000000000000000000e+00
2.720409166073074481e-01    7.512358841124738840e-01    -1.000000000000000000e+00
9.292292673805861991e-01    -4.800502367421159988e-01    1.000000000000000000e+00
1.597551226896674947e+00    -4.222290622439380248e-01    1.000000000000000000e+00
4.504254930636695242e-01    8.483379502680157280e-01    -1.000000000000000000e+00
1.097788084775880302e+00    1.467932158636643114e-01    -1.000000000000000000e+00
8.091736349767126857e-01    5.688640270586449166e-01    -1.000000000000000000e+00
7.207215339894188499e-01    6.485432117351126458e-01    -1.000000000000000000e+00
1.201235135054169900e+00    -3.240047874358293889e-01    1.000000000000000000e+00
-9.868691482717295571e-05    -4.742053241659305307e-02    1.000000000000000000e+00
-1.073484846195218889e+00    2.484449808735560983e-01    -1.000000000000000000e+00
5.177964597371763622e-01    8.341180092964523007e-01    -1.000000000000000000e+00
-1.249511576637823418e-01    9.448467269344884567e-01    -1.000000000000000000e+00
-5.431592310825206216e-02    6.084905648172694165e-02    1.000000000000000000e+00
2.724365480375785520e-01    1.191666577558135875e+00    -1.000000000000000000e+00
3.598846555587955492e-02    1.012700629032076138e+00    -1.000000000000000000e+00
6.742551920083227346e-01    -4.064431478758881999e-01    1.000000000000000000e+00
-6.375139061906710536e-01    7.020274664565810951e-01    -1.000000000000000000e+00
1.390776299019217843e+00    -3.916385021660623855e-01    1.000000000000000000e+00
-9.068097152268703720e-01    6.913353226358660564e-01    -1.000000000000000000e+00
-2.793505309434470840e-01    9.595445364964548807e-01    -1.000000000000000000e+00
6.907184293855527235e-01    -4.120791965644661214e-01    1.000000000000000000e+00
6.843774689346074913e-01    -5.802818722841058818e-01    1.000000000000000000e+00
2.038039617387047198e+00    6.881417121652853019e-01    1.000000000000000000e+00
9.276403417702683285e-01    -4.438291396837995006e-01    1.000000000000000000e+00
1.017926491421115465e+00    2.872227149938741952e-01    -1.000000000000000000e+00
1.945123458107941961e+00    -1.578012037676565782e-01    1.000000000000000000e+00
7.847817820508105058e-01    -3.907851184841975578e-01    1.000000000000000000e+00
3.907116106096383268e-01    -2.739447087313852669e-01    1.000000000000000000e+00
1.913958262692909695e+00    5.071396682532978151e-01    1.000000000000000000e+00
-4.328358012088636686e-01    9.635876216136444183e-01    -1.000000000000000000e+00
-5.284989155987025733e-02    4.430960581210232618e-01    1.000000000000000000e+00
8.436849666032442130e-01    -5.028492426015553907e-01    1.000000000000000000e+00
1.711124954018326427e+00    -1.927362730550230829e-01    1.000000000000000000e+00
2.818057426796549692e-01    9.661214005780718317e-01    -1.000000000000000000e+00
5.336237105938224090e-01    -3.354903108587797278e-01    1.000000000000000000e+00
-1.051425854286476502e+00    2.177874448034437527e-01    -1.000000000000000000e+00
1.485550253564217993e+00    -3.421774321214117176e-01    1.000000000000000000e+00
-8.490274748458146448e-01    6.616002996891774401e-01    -1.000000000000000000e+00
2.073787078624775293e-01    -9.557690422841344513e-02    1.000000000000000000e+00
8.590658587476496244e-01    -3.581919936724607956e-01    1.000000000000000000e+00
1.433825717887107498e-01    4.027541694507246750e-01    1.000000000000000000e+00
3.942159304536797526e-01    7.412210425972793892e-01    -1.000000000000000000e+00
1.183117437462025245e+00    -2.573574428438057948e-01    1.000000000000000000e+00
4.457719933670039048e-01    -1.656348830727952526e-01    1.000000000000000000e+00
5.593920858992090794e-01    -5.389236052238817187e-01    1.000000000000000000e+00
2.649956481203522562e-01    1.430271180485228888e-01    1.000000000000000000e+00
1.942796692483862719e-01    1.038854696981590386e+00    -1.000000000000000000e+00
1.875951386068764659e+00    2.706851629623719391e-01    1.000000000000000000e+00
9.824281818099926955e-01    1.896247401856363812e-01    -1.000000000000000000e+00
9.703679292587108485e-01    -5.318030412529359818e-01    1.000000000000000000e+00
9.584079037629510411e-01    2.553375755012886605e-01    -1.000000000000000000e+00
-5.481014801847813311e-01    7.027485497274175152e-01    -1.000000000000000000e+00
3.482531765703931748e-01    -4.074683984247345903e-01    1.000000000000000000e+00
-7.434157761901385442e-01    8.051608245382091411e-01    -1.000000000000000000e+00
-3.376983969208291469e-01    8.374377678375783951e-01    -1.000000000000000000e+00
1.107539666172148718e-01    3.114555544964917044e-01    1.000000000000000000e+00
6.838063036124210070e-01    -5.294025258367508480e-01    1.000000000000000000e+00
1.872064395751387167e+00    2.323554211074055353e-01    1.000000000000000000e+00
-9.544213140899853176e-01    2.964212535649064506e-01    -1.000000000000000000e+00
7.683834300091243463e-01    -4.427207111174458753e-01    1.000000000000000000e+00
2.135760839882938189e+00    3.799856326806810847e-01    1.000000000000000000e+00
2.008902690225387921e+00    -1.150078516678585544e-01    1.000000000000000000e+00
8.464406501103752811e-01    -3.937017047923010993e-01    1.000000000000000000e+00
1.761081786965077889e+00    -3.201853649525774337e-01    1.000000000000000000e+00
-7.304777267415443198e-01    4.931599141003962239e-01    -1.000000000000000000e+00
-1.433755608619359523e-01    9.540884473041291169e-01    -1.000000000000000000e+00
2.303779227164345078e-01    -3.610546859495367134e-01    1.000000000000000000e+00
-4.787125817516517112e-01    1.092492397218306044e+00    -1.000000000000000000e+00
-1.698939992769776253e-01    1.188124797643990593e+00    -1.000000000000000000e+00
5.800040303937914477e-01    7.465358023765039652e-01    -1.000000000000000000e+00
-2.203346151845819723e-02    3.030703303424470696e-01    1.000000000000000000e+00
1.432049747627662128e+00    -1.787068708648505699e-01    1.000000000000000000e+00
1.310938688883327707e-01    -2.326681257377766210e-01    1.000000000000000000e+00
2.898254096833584037e-01    8.956557801328793866e-01    -1.000000000000000000e+00
7.104517437399731072e-01    -6.621642322855770812e-01    1.000000000000000000e+00
9.430812471164610189e-01    1.418988549496910667e-01    -1.000000000000000000e+00
5.450005084560494151e-01    9.766888512942113465e-01    -1.000000000000000000e+00
1.864350029271253817e+00    -5.276636682747253004e-02    1.000000000000000000e+00
3.206881279828809328e-01    1.113699370676031641e+00    -1.000000000000000000e+00
2.102595256777969324e-01    -1.963646106088811072e-01    1.000000000000000000e+00
2.122155943732792593e+00    3.899856506021609492e-01    1.000000000000000000e+00
3.993129411613626778e-01    9.411570397230546448e-01    -1.000000000000000000e+00
-6.459977412964069687e-01    5.742176130618210639e-01    -1.000000000000000000e+00
-1.239776453165204739e-01    1.053475788721073281e+00    -1.000000000000000000e+00
5.406408754431814290e-02    9.547897656121678844e-01    -1.000000000000000000e+00
1.774355478219669102e+00    -3.555759780121637847e-01    1.000000000000000000e+00
1.219990369796361662e+00    -6.102392316584662746e-01    1.000000000000000000e+00
-6.818467577755122910e-01    8.852431732638368356e-01    -1.000000000000000000e+00
5.428144134405562538e-01    -3.652520879270338972e-01    1.000000000000000000e+00
-5.028663827692738675e-01    9.275882952664598058e-01    -1.000000000000000000e+00
8.957251884304040512e-01    2.950757324736396070e-01    -1.000000000000000000e+00
1.876170357764735119e-01    -2.942341681442079415e-01    1.000000000000000000e+00
2.001595451624123001e+00    5.941076813503365361e-01    1.000000000000000000e+00
2.950109584083597802e-01    7.935813474967172709e-01    -1.000000000000000000e+00
1.626175613294970512e+00    -2.505697510881965684e-01    1.000000000000000000e+00
4.650181605808009766e-02    5.551249099875499304e-01    1.000000000000000000e+00
7.636608371320794397e-01    4.924516895104545378e-01    -1.000000000000000000e+00
-2.002239295116836904e-01    1.099005109055335216e+00    -1.000000000000000000e+00
9.768923339625277258e-01    1.886419398141550574e-01    -1.000000000000000000e+00
7.498140493733737033e-01    -6.577856725500003110e-01    1.000000000000000000e+00
5.707808969747713013e-01    -2.172098017701735440e-01    1.000000000000000000e+00
2.209501746095454966e-01    -2.564991998495483871e-01    1.000000000000000000e+00
7.020377404807826016e-01    -4.569629259889153583e-01    1.000000000000000000e+00
1.546983585650346937e-01    7.952308136767366475e-02    1.000000000000000000e+00
1.415200436674980189e+00    -2.607459681989094946e-01    1.000000000000000000e+00
3.637277075829631334e-01    8.393919220229547618e-01    -1.000000000000000000e+00
-4.964547260553502372e-01    8.757439444022586672e-01    -1.000000000000000000e+00
2.103666226317059351e+00    3.223444633250391322e-01    1.000000000000000000e+00
-2.019866781818019097e-01    9.344477985291134159e-01    -1.000000000000000000e+00
-2.517814038848363578e-02    8.292947494374092177e-02    1.000000000000000000e+00
8.727656464355646460e-01    5.848184274029724072e-01    -1.000000000000000000e+00
1.643608225150924085e+00    -5.159159884098269977e-01    1.000000000000000000e+00
-7.644516263365290776e-01    7.666993847990181132e-01    -1.000000000000000000e+00
9.686062698202707599e-01    1.302780579830682128e-01    -1.000000000000000000e+00
-6.933590478501263643e-01    7.438634192605839690e-01    -1.000000000000000000e+00
5.273476967872533505e-01    9.165146557170475994e-01    -1.000000000000000000e+00
8.798634595039504791e-02    -2.522844696551644617e-02    1.000000000000000000e+00
-2.388947074110440993e-02    9.375933229561000948e-02    1.000000000000000000e+00
8.228864042935530865e-01    6.080757078053848907e-01    -1.000000000000000000e+00
1.805931335907026591e+00    -9.027578119776399901e-02    1.000000000000000000e+00
7.517387100207988393e-01    -4.599070218929813825e-01    1.000000000000000000e+00
5.937072856074535054e-02    4.214316063751100128e-01    1.000000000000000000e+00
1.054970861422420692e+00    -1.938002429377268590e-02    -1.000000000000000000e+00
6.982733397422209720e-02    9.853422409011676208e-01    -1.000000000000000000e+00
-7.602313282604918065e-03    4.331852833953209747e-01    1.000000000000000000e+00
-9.582920838458186541e-01    3.357209881070390423e-01    -1.000000000000000000e+00
1.444173238424199868e+00    -5.152331219100012571e-01    1.000000000000000000e+00
6.093712955687613508e-01    -4.413727835166924574e-01    1.000000000000000000e+00
1.550616074468163408e+00    -2.436125269452633357e-01    1.000000000000000000e+00
1.673484566318144795e+00    -2.430336519277679352e-01    1.000000000000000000e+00
8.532304574160388955e-02    1.394614071708111802e-01    1.000000000000000000e+00
1.902712700361559151e+00    -5.082021098301025414e-02    1.000000000000000000e+00
1.054922720352081900e+00    4.604601239810128810e-01    -1.000000000000000000e+00
1.357633402881650131e+00    -5.483145431195788344e-01    1.000000000000000000e+00
-6.056008589179090462e-02    2.153537133684286786e-01    1.000000000000000000e+00
9.280388503619343421e-01    4.179767653928771476e-01    -1.000000000000000000e+00
5.011288131724125350e-01    -2.660844002065039793e-01    1.000000000000000000e+00
-9.461993300257213191e-01    3.317522209455844306e-01    -1.000000000000000000e+00
1.421085177404660949e-01    2.621539091837576940e-01    1.000000000000000000e+00
8.688070234191370700e-01    2.301130500528931200e-01    -1.000000000000000000e+00
1.063684136661971369e+00    -4.194519876891864008e-01    1.000000000000000000e+00
1.018596592663754574e+00    1.643584457632242812e-01    -1.000000000000000000e+00
2.018123046729296988e+00    4.602938340958812047e-01    1.000000000000000000e+00
9.447041005788668899e-01    4.108870083169889331e-01    -1.000000000000000000e+00
7.730796853705960148e-01    -3.377552118416330962e-01    1.000000000000000000e+00
-3.714919213145813359e-02    1.256087998212028489e-01    1.000000000000000000e+00
-5.501554510686520461e-01    7.928707354909386718e-01    -1.000000000000000000e+00
2.761026686236502103e-02    1.001353662356312818e-02    1.000000000000000000e+00
-8.165725699152732719e-01    7.945241274757310901e-01    -1.000000000000000000e+00
1.750853642285839840e+00    1.247799551749918662e-01    1.000000000000000000e+00
1.910429281882072505e+00    2.864738549959575664e-01    1.000000000000000000e+00
1.503031011793877880e+00    -3.723514775047166436e-01    1.000000000000000000e+00
-6.895785952533892149e-02    3.854323482571360704e-01    1.000000000000000000e+00
-6.351861648242443925e-01    4.387550253752265927e-01    -1.000000000000000000e+00
2.927625163908900152e-01    -1.633140272032597706e-01    1.000000000000000000e+00
-7.069990705133453179e-01    6.872998643821526255e-01    -1.000000000000000000e+00
4.811215998224553370e-01    8.440199020547018982e-01    -1.000000000000000000e+00
1.010944430141019756e+00    4.333880730830035888e-01    -1.000000000000000000e+00
-5.891338818500257979e-01    1.016801228395544099e+00    -1.000000000000000000e+00
1.825963882158275098e+00    4.110881424262311512e-01    1.000000000000000000e+00
3.450615637309701333e-01    -2.768103869680446083e-01    1.000000000000000000e+00
1.319879549734294999e+00    -6.043194152117494777e-01    1.000000000000000000e+00
6.623265241392580771e-01    -3.784458301271126368e-01    1.000000000000000000e+00
2.554460032337066422e-01    9.112072766999739226e-01    -1.000000000000000000e+00
-1.008283704482740406e+00    3.168248051091850370e-01    -1.000000000000000000e+00
4.208100340681599771e-01    -1.418596243118163680e-01    1.000000000000000000e+00
-8.306943726166841069e-01    6.196087789988965477e-01    -1.000000000000000000e+00
8.762418777871365805e-01    4.490272213568888282e-01    -1.000000000000000000e+00
-7.702707258286997094e-01    8.805788678125663349e-01    -1.000000000000000000e+00
6.713664415206402891e-01    9.624586438877842376e-01    -1.000000000000000000e+00
7.678641606819159859e-01    7.018147556911196183e-01    -1.000000000000000000e+00
-1.401267337031257831e-01    5.203906842617513906e-01    1.000000000000000000e+00
1.864942325017583169e+00    -3.443876902565599918e-02    1.000000000000000000e+00
-1.946769741958703781e-02    -1.984307047530669554e-01    1.000000000000000000e+00
1.305370101783711156e+00    -3.495343740220542839e-01    1.000000000000000000e+00
3.235007856126894676e-01    -2.217513822531255174e-01    1.000000000000000000e+00
-5.304642039810202325e-01    7.964478125923262208e-01    -1.000000000000000000e+00
-8.003182384303486607e-02    -2.144455856748923167e-02    1.000000000000000000e+00
7.345535833611687160e-01    6.134019648488707732e-01    -1.000000000000000000e+00
-8.766455896190037400e-01    2.493812527603762874e-02    -1.000000000000000000e+00
-3.188267243403093421e-01    1.019972877833523306e+00    -1.000000000000000000e+00
-3.996271790289303016e-01    1.012522462214048957e+00    -1.000000000000000000e+00
7.696268157495134155e-01    5.106253294392858466e-01    -1.000000000000000000e+00
2.946259785121874142e-01    1.029213347795741029e+00    -1.000000000000000000e+00
1.849424978136501529e+00    -1.355586129533982997e-01    1.000000000000000000e+00
7.605920693382471898e-01    5.173651471053434259e-01    -1.000000000000000000e+00
-1.150651496389376721e-01    9.236201015600109532e-01    -1.000000000000000000e+00
1.972108108340873134e+00    3.018625282084733685e-01    1.000000000000000000e+00
-9.322229001477767563e-01    6.548858866252265098e-01    -1.000000000000000000e+00
1.416730882230248456e+00    -3.675738897590251075e-01    1.000000000000000000e+00
9.714999777644642842e-01    -5.172252449018956977e-01    1.000000000000000000e+00
-7.241002515593455424e-01    5.796835126016152140e-01    -1.000000000000000000e+00
2.755553221080361270e-01    -7.964692918225138585e-02    1.000000000000000000e+00
1.558112853873235393e+00    -4.525602180379796335e-01    1.000000000000000000e+00
4.838313515560279665e-01    -4.172098126390800799e-01    1.000000000000000000e+00
8.071881304050191330e-01    7.606874340306325477e-01    -1.000000000000000000e+00
1.349159092035502772e+00    -3.947340810374966313e-01    1.000000000000000000e+00
-8.127550649402546235e-01    7.911550575553260023e-01    -1.000000000000000000e+00
-1.692505824048502194e-01    7.406858312521021892e-01    -1.000000000000000000e+00
1.672133216443842718e+00    -2.382590956621850053e-01    1.000000000000000000e+00
3.621417378654087083e-01    -2.771852092737794315e-01    1.000000000000000000e+00
9.046620280093673472e-01    -5.837676095522625896e-01    1.000000000000000000e+00
8.414017654238900024e-01    6.086343846538428970e-01    -1.000000000000000000e+00
1.017380463285209702e+00    -4.580278644037264479e-01    1.000000000000000000e+00
-9.653856704948224898e-01    5.023102285938010336e-01    -1.000000000000000000e+00
-1.024362153089279026e+00    5.409780440047490258e-01    -1.000000000000000000e+00
1.849119870390366849e+00    -5.792469215739448618e-02    1.000000000000000000e+00
1.656747311187677374e+00    -1.049048068095808917e-01    1.000000000000000000e+00
1.063990190396295832e+00    -6.283496071685640283e-01    1.000000000000000000e+00
7.535992891101367386e-02    2.695049265893390694e-02    1.000000000000000000e+00
9.582264528791463176e-01    2.365303532780033413e-01    -1.000000000000000000e+00
1.057223215761429413e+00    3.139353212715493835e-01    -1.000000000000000000e+00
8.408516053391976719e-01    4.600978808466155701e-01    -1.000000000000000000e+00
6.925231013832664484e-01    6.916256321318631217e-01    -1.000000000000000000e+00
6.719679576691406364e-01    7.516053386683912985e-01    -1.000000000000000000e+00
-2.061303362301836195e-01    9.980855888365031126e-01    -1.000000000000000000e+00
7.708586191923130215e-01    8.607785691424063579e-01    -1.000000000000000000e+00
-3.991243885505540434e-01    9.042525724850751789e-01    -1.000000000000000000e+00
6.048270526363205141e-02    3.458539547439439255e-01    1.000000000000000000e+00
-1.009816415920578248e+00    2.313027701882713061e-01    -1.000000000000000000e+00
-1.612796578073097953e-01    1.060414742840213753e+00    -1.000000000000000000e+00
-8.777933719859065675e-01    4.637006649028835303e-01    -1.000000000000000000e+00
5.233383103646058743e-01    7.418618359746876889e-01    -1.000000000000000000e+00
-9.110430778621276815e-01    2.137251437457176606e-01    -1.000000000000000000e+00
1.981637908418363292e-01    -2.309736323186306617e-02    1.000000000000000000e+00
2.054893859328925654e+00    3.453703835289989033e-01    1.000000000000000000e+00
1.307547139120220248e+00    -3.849754691797159789e-01    1.000000000000000000e+00
-8.825476663518327936e-02    1.023427396752796259e+00    -1.000000000000000000e+00
-1.836314355744377291e-01    3.170316176612383297e-01    1.000000000000000000e+00
-8.519824377911043856e-01    6.959093187250312007e-02    -1.000000000000000000e+00
7.557331344890497182e-02    1.355255548017238187e-01    1.000000000000000000e+00
1.881531561948154518e+00    -1.302313039320496524e-01    1.000000000000000000e+00
-2.644882743474802900e-01    8.556214888967439425e-01    -1.000000000000000000e+00
1.311431209288838717e+00    -4.470139221881711533e-01    1.000000000000000000e+00
-8.439528845012349567e-01    6.251099694371163584e-02    -1.000000000000000000e+00
3.553246345781329030e-01    8.158414060429931558e-01    -1.000000000000000000e+00
2.888094479161528727e-01    -1.721097348514805114e-01    1.000000000000000000e+00
-9.955212625859964914e-01    2.485641644696388319e-01    -1.000000000000000000e+00
-1.182627377600735663e-01    3.298122486935801123e-01    1.000000000000000000e+00
7.903096758078971273e-01    5.320423299220449209e-01    -1.000000000000000000e+00
-8.510696860877158265e-01    2.856106319986921327e-01    -1.000000000000000000e+00
3.601810179704258985e-01    -3.053766984908961035e-01    1.000000000000000000e+00
-8.967552277808371608e-01    6.203283196932724008e-01    -1.000000000000000000e+00
1.365876955506202250e+00    -3.996627662220053612e-01    1.000000000000000000e+00
-5.307656156687957649e-01    6.842249000411808613e-01    -1.000000000000000000e+00
1.050666702165832023e+00    -7.510289935268437134e-01    1.000000000000000000e+00
1.865931929699618186e+00    -1.506892093835097146e-01    1.000000000000000000e+00
-4.434531496977403009e-01    8.518386109582650745e-01    -1.000000000000000000e+00
-9.530246878523151999e-02    1.144105733111338674e+00    -1.000000000000000000e+00
4.484338287119404853e-01    -1.688151564643466107e-01    1.000000000000000000e+00
1.390225268770379108e+00    -5.418723005356301803e-01    1.000000000000000000e+00
8.615706259141654444e-01    -3.282851701395050892e-01    1.000000000000000000e+00
9.562617686792737048e-01    4.531033373544696152e-01    -1.000000000000000000e+00
1.784081825767292351e+00    -3.351142067956345283e-01    1.000000000000000000e+00
7.925007555977171825e-02    4.634726091857417352e-01    1.000000000000000000e+00
1.933947039449901872e+00    8.517026346139738857e-02    1.000000000000000000e+00
-8.124275193826402397e-01    3.920610699068025617e-01    -1.000000000000000000e+00
2.032886209814503964e+00    4.540456356856977793e-01    1.000000000000000000e+00
-6.806432462251266191e-03    3.084233297346430924e-02    1.000000000000000000e+00
-8.787806291526786273e-01    1.718481575465307942e-01    -1.000000000000000000e+00
1.112285141070434413e+00    -5.540193921611633598e-01    1.000000000000000000e+00
-1.863417384550504208e-01    1.073073204376207679e+00    -1.000000000000000000e+00
8.572250358173366669e-01    1.303227148002179536e-01    -1.000000000000000000e+00
4.551211740094846664e-02    5.241014101500016675e-01    1.000000000000000000e+00
-4.511948621547460236e-01    9.238005924655330325e-01    -1.000000000000000000e+00
3.936295304380368898e-01    8.882195131514811770e-01    -1.000000000000000000e+00
9.176438649014487803e-01    7.406055767200650508e-02    -1.000000000000000000e+00
4.047393009039249034e-02    2.240491660834019738e-01    1.000000000000000000e+00
9.752729994810707126e-01    4.370417362273444906e-01    -1.000000000000000000e+00
5.354324204243062768e-01    -3.007205658884166688e-01    1.000000000000000000e+00
2.307863802545238596e-01    9.141140470759351322e-01    -1.000000000000000000e+00
1.778094464023221244e+00    -2.895351446733568368e-01    1.000000000000000000e+00
7.011753753319217575e-01    7.439958074366171958e-01    -1.000000000000000000e+00
2.138263580201389402e+00    2.640330615243918766e-01    1.000000000000000000e+00
1.872820306911359811e+00    -6.257054503769254872e-02    1.000000000000000000e+00
5.029246068131374425e-01    -5.143626780158726541e-01    1.000000000000000000e+00
9.315732758550550052e-01    5.658714319372620816e-01    -1.000000000000000000e+00
-1.985582587256523868e-01    3.049130823824577341e-01    1.000000000000000000e+00
1.393015725060660959e+00    -3.426382737257531175e-01    1.000000000000000000e+00
-4.234869198062782836e-01    7.631177764128677099e-01    -1.000000000000000000e+00
1.662277152280927428e+00    -4.994418078338695999e-01    1.000000000000000000e+00
3.549008523334107323e-01    -2.812456050843695210e-01    1.000000000000000000e+00
2.135632143222027324e+00    2.461071112676396222e-01    1.000000000000000000e+00
1.825290231978732969e+00    2.971927761282283087e-01    1.000000000000000000e+00
-6.834247310284740085e-01    7.440226458058044612e-01    -1.000000000000000000e+00
-9.205027586015328556e-01    1.538980261319093379e-01    -1.000000000000000000e+00
-4.386542806441786069e-01    8.792814511022147839e-01    -1.000000000000000000e+00
1.802277602056372219e+00    -1.255853319672887158e-01    1.000000000000000000e+00
6.917537432686778898e-01    4.710609821803368180e-01    -1.000000000000000000e+00
2.202472124043837465e-01    1.069122885508669629e+00    -1.000000000000000000e+00
-5.557906600841459044e-01    8.571529398888960705e-01    -1.000000000000000000e+00
2.459625258497078470e-01    9.937126449521536120e-01    -1.000000000000000000e+00
9.682887132540523023e-01    2.672417479906208371e-02    -1.000000000000000000e+00
2.722308478875767324e-01    -1.775349114094906255e-01    1.000000000000000000e+00
1.155834555886106285e+00    -4.588071974660420382e-01    1.000000000000000000e+00
-7.586961160438645546e-01    5.462792553297430853e-01    -1.000000000000000000e+00
7.277160035242163927e-01    -1.530534264808828815e-01    1.000000000000000000e+00
1.802393518769600078e+00    -5.894079880815919492e-02    1.000000000000000000e+00
6.444816756422032666e-01    6.616426663059462587e-01    -1.000000000000000000e+00
4.641077457907550330e-01    -3.496284919083441634e-01    1.000000000000000000e+00
9.766312348700656454e-01    -1.438053099204964491e-01    -1.000000000000000000e+00
-8.640674411418115541e-01    2.406320772800268348e-01    -1.000000000000000000e+00
1.938717898833970832e+00    -1.260286425197294502e-01    1.000000000000000000e+00
8.718490597513367524e-01    2.684488586826743184e-01    -1.000000000000000000e+00
6.143146264053929162e-01    6.359958183477372184e-01    -1.000000000000000000e+00
9.851427152072791404e-01    1.422504565668350762e-01    -1.000000000000000000e+00
1.920355393975893554e-02    2.027731096147497858e-01    1.000000000000000000e+00
-3.954285382712111052e-02    8.590722952131906176e-01    -1.000000000000000000e+00
-4.532141841362617996e-01    7.500437568595518245e-01    -1.000000000000000000e+00
-9.696880084338974637e-01    1.444708217642751702e-01    -1.000000000000000000e+00
1.589713885167274521e+00    -3.868448056414565683e-01    1.000000000000000000e+00
-6.064307418009535766e-01    8.546601114261531684e-01    -1.000000000000000000e+00
1.306724978532474157e-01    -3.617724101660638181e-02    1.000000000000000000e+00
8.555386407718592601e-01    3.600746689422694713e-01    -1.000000000000000000e+00
9.523462075137546501e-01    6.091998339707702659e-01    -1.000000000000000000e+00
6.713324205037708714e-02    -2.745665784536681642e-01    1.000000000000000000e+00
-3.550393848748107373e-01    8.225352963634547931e-01    -1.000000000000000000e+00
-1.006286693538367860e+00    1.072366015156703545e-01    -1.000000000000000000e+00
3.661376761190459073e-01    9.796447062648293569e-01    -1.000000000000000000e+00
5.114333953133695099e-01    7.432443718544382572e-01    -1.000000000000000000e+00
2.059178100333289851e+00    -6.021988149633167309e-02    1.000000000000000000e+00
-9.485691986127211539e-01    4.833652416524850670e-01    -1.000000000000000000e+00
2.061785408655213647e+00    8.045295904064114767e-02    1.000000000000000000e+00
-1.419542234426575955e-01    1.048753875898377430e+00    -1.000000000000000000e+00
-3.676696100462859551e-01    1.031652553549326834e+00    -1.000000000000000000e+00
9.998755607131280809e-03    4.186574419605992858e-01    1.000000000000000000e+00
-5.932292794367386435e-01    9.532805102737450520e-01    -1.000000000000000000e+00
1.957425731409673908e+00    6.183554502049215529e-03    1.000000000000000000e+00
4.965130436284818649e-01    8.055128115192813354e-01    -1.000000000000000000e+00
7.889221072566049431e-01    -4.271656840654455278e-01    1.000000000000000000e+00
8.189660247283330197e-01    6.354317948476222444e-01    -1.000000000000000000e+00
7.472519510059433268e-01    5.645345433383818223e-01    -1.000000000000000000e+00
6.864306792029737370e-01    -4.590731788617370968e-01    1.000000000000000000e+00
1.985687317873928492e+00    5.110400865454254316e-01    1.000000000000000000e+00
-8.976330009004649391e-01    2.878761157528521020e-01    -1.000000000000000000e+00
1.989220466189570713e+00    4.020683758838315969e-01    1.000000000000000000e+00
5.214734566040498676e-01    -3.831742589804975618e-01    1.000000000000000000e+00
9.577511721839774284e-01    -4.470224705358194495e-01    1.000000000000000000e+00
8.393356579278894447e-01    5.206746857470289092e-01    -1.000000000000000000e+00
1.673343818620942614e-03    1.094080112656236337e-01    1.000000000000000000e+00
1.833607847451803607e+00    5.809674176187280825e-03    1.000000000000000000e+00
1.911093570377919493e+00    3.896657704961403179e-01    1.000000000000000000e+00
1.028541833616861689e+00    3.441703396379983126e-02    -1.000000000000000000e+00
1.629250243941416709e+00    -5.017323756576796967e-01    1.000000000000000000e+00
7.822445671451284666e-01    -6.776968176786819509e-01    1.000000000000000000e+00
9.615763788359461550e-01    1.477656985224657937e-01    -1.000000000000000000e+00
1.456017121123631242e+00    -4.272773995706040662e-01    1.000000000000000000e+00
-1.538996789105831486e-01    1.010236135459242401e+00    -1.000000000000000000e+00
-9.735255467016377118e-01    2.544495598388569202e-01    -1.000000000000000000e+00
-1.025788169221456769e+00    -4.644635165607877147e-02    -1.000000000000000000e+00
-9.332848697284562567e-01    5.286093161438949473e-01    -1.000000000000000000e+00
7.318820171351098081e-01    8.249874932316929588e-01    -1.000000000000000000e+00
1.326898848545865484e+00    -3.854053382042521569e-01    1.000000000000000000e+00
4.162998155410396750e-01    -2.029987739103998323e-01    1.000000000000000000e+00
7.362152245531937422e-02    5.486392590049481433e-01    1.000000000000000000e+00
1.843450526809127910e+00    -1.599487889225680859e-01    1.000000000000000000e+00
9.176012182025865549e-01    3.465691773613411852e-01    -1.000000000000000000e+00
-2.664574607861093236e-01    8.385817179382719644e-01    -1.000000000000000000e+00
1.606197319231598697e-01    -7.222665782776815924e-02    1.000000000000000000e+00
-8.271390796763639086e-01    4.000472413423572515e-01    -1.000000000000000000e+00
4.746410363391108667e-01    -1.580966430527751543e-01    1.000000000000000000e+00
5.821140318129922608e-01    8.313491205641574400e-01    -1.000000000000000000e+00
3.779367860953992686e-01    -2.285496966093188420e-01    1.000000000000000000e+00
1.524178157818236734e-01    -1.598602996572333901e-01    1.000000000000000000e+00
2.567789174691381682e-01    8.862980838067608946e-01    -1.000000000000000000e+00
9.380059594890705066e-01    -9.826599764135215270e-03    -1.000000000000000000e+00
1.022380158277328865e+00    -3.824903177924401376e-01    1.000000000000000000e+00
3.558494404216469564e-01    8.512786368163383077e-01    -1.000000000000000000e+00
1.084770301882276022e-01    8.469459365729028466e-01    -1.000000000000000000e+00
5.073471949255606850e-01    9.040562612288166600e-01    -1.000000000000000000e+00
-1.611649999556956925e-01    1.071267658741019257e+00    -1.000000000000000000e+00
-1.022399281798319848e+00    2.384140704989319848e-01    -1.000000000000000000e+00
5.013947219136906108e-01    -3.449489789156457431e-01    1.000000000000000000e+00
1.465288947999323632e-01    1.003478461106495967e+00    -1.000000000000000000e+00
2.040972543904548075e+00    2.455215570908297340e-01    1.000000000000000000e+00
-1.913355537650323901e-01    7.954437330807244688e-01    -1.000000000000000000e+00
-5.114523006011684192e-01    8.992406624840270091e-01    -1.000000000000000000e+00
1.954118051687634194e+00    1.642328863551135165e-01    1.000000000000000000e+00
1.852979653387706593e-01    1.000976777382963423e+00    -1.000000000000000000e+00
-2.178914313447455897e-01    9.497018409684764295e-01    -1.000000000000000000e+00
2.139863846107723788e-01    -2.560217533477675000e-01    1.000000000000000000e+00
3.713767204853644088e-01    -2.440694079796972837e-01    1.000000000000000000e+00
1.743565001350899868e+00    5.751786043527830350e-02    1.000000000000000000e+00
-8.006413046031786163e-01    5.336217648361434307e-01    -1.000000000000000000e+00
1.756235531615417900e+00    -1.334178177984923219e-01    1.000000000000000000e+00
1.088329956947015065e+00    3.813613755578525999e-01    -1.000000000000000000e+00
2.406884804527732458e-01    1.579865109110487054e-01    1.000000000000000000e+00
-9.661060017938869482e-01    1.884153507358800050e-01    -1.000000000000000000e+00
5.481782819456898492e-01    -2.826212057765845054e-01    1.000000000000000000e+00
4.704457845761088608e-01    -2.886442452136355197e-01    1.000000000000000000e+00
-2.742414577398079034e-01    1.169165450065507761e+00    -1.000000000000000000e+00
-2.220248532765878025e-01    1.114966942981450604e+00    -1.000000000000000000e+00
7.842953942290257219e-01    6.724741096507679261e-01    -1.000000000000000000e+00
5.683786080906927385e-01    -3.854845330939463688e-01    1.000000000000000000e+00
